1 1 1979 1979 1 16 86.3225806451613 0
2 2 1979 1979 2 14.5 83.1785714285714 0
3 3 1979 1979 3 16 77 0
4 4 1979 1979 4 15.5 69.6666666666667 0
5 5 1979 1979 5 16 67.0322580645161 0
6 6 1979 1979 6 15.5 64.4666666666667 0
7 7 1979 1979 7 16 82.8064516129032 0
8 8 1979 1979 8 16 81.7096774193548 0
9 9 1979 1979 9 15.5 84.7666666666667 0
10 10 1979 1979 10 16 81.483870967742 0
11 11 1979 1979 11 15.5 91.3666666666667 0
12 12 1979 1979 12 16 89.2258064516129 0
13 1 1980 1980 1 16 90.0967741935484 0
14 2 1980 1980 2 15 91.7241379310345 0
15 3 1980 1980 3 16 75.258064516129 0
16 4 1980 1980 4 15.5 80.7333333333333 0
17 5 1980 1980 5 16 72.1612903225806 0
18 6 1980 1980 6 15.5 70.3 0
19 7 1980 1980 7 16 75.1612903225806 0
20 8 1980 1980 8 16 82.7741935483871 0
21 9 1980 1980 9 15.5 86.8 0
22 10 1980 1980 10 16 88.483870967742 0
23 11 1980 1980 11 15.5 89.4 0
24 12 1980 1980 12 16 91.9032258064516 0
25 1 1981 1981 1 16 92.1290322580645 0
26 2 1981 1981 2 14.5 84.4285714285714 0
27 3 1981 1981 3 16 77.6774193548387 0
28 4 1981 1981 4 15.5 75.1666666666667 0
29 5 1981 1981 5 16 67.5806451612903 0
30 6 1981 1981 6 15.5 78.8333333333333 0
31 7 1981 1981 7 16 81.0645161290323 0
32 8 1981 1981 8 16 85.9354838709677 0
33 9 1981 1981 9 15.5 86.4 0
34 10 1981 1981 10 16 91.7096774193548 0
35 11 1981 1981 11 15.5 91.4 0
36 12 1981 1981 12 16 91.3548387096774 0
37 1 1982 1982 1 16 87.8064516129032 0
38 2 1982 1982 2 14.5 89.8928571428571 0
39 3 1982 1982 3 16 81.1612903225806 0
40 4 1982 1982 4 15.5 73.2666666666667 0
41 5 1982 1982 5 16 66.3225806451613 0
42 6 1982 1982 6 15.5 68.9666666666667 0
43 7 1982 1982 7 16 74.2903225806452 0
44 8 1982 1982 8 16 79.3225806451613 0
45 9 1982 1982 9 15.5 84.1666666666667 0
46 10 1982 1982 10 16 87.6129032258064 0
47 11 1982 1982 11 15.5 87.2333333333333 0
48 12 1982 1982 12 16 90.3870967741936 0
49 1 1983 1983 1 16 90.1290322580645 0
50 2 1983 1983 2 14.5 84.75 0
51 3 1983 1983 3 16 83.3870967741936 0
52 4 1983 1983 4 15.5 77.3666666666667 0
53 5 1983 1983 5 16 72.9354838709677 0
54 6 1983 1983 6 15.5 74.7 0
55 7 1983 1983 7 16 72.0322580645161 0
56 8 1983 1983 8 16 72.6129032258064 0
57 9 1983 1983 9 15.5 82.0666666666667 0
58 10 1983 1983 10 16 87.0645161290323 0
59 11 1983 1983 11 15.5 86.8666666666667 0
60 12 1983 1983 12 16 91.516129032258 0
61 1 1984 1984 1 16 90.4516129032258 0
62 2 1984 1984 2 15 82.5172413793103 0
63 3 1984 1984 3 16 80.8064516129032 0
64 4 1984 1984 4 15.5 71.3666666666667 0
65 5 1984 1984 5 16 67.3225806451613 0
66 6 1984 1984 6 15.5 72.2 0
67 7 1984 1984 7 16 84.3870967741936 0
68 8 1984 1984 8 16 80.0967741935484 0
69 9 1984 1984 9 15.5 88.3333333333333 0
70 10 1984 1984 10 16 88.9354838709677 0
71 11 1984 1984 11 15.5 91.2 0
72 12 1984 1984 12 16 90.741935483871 0
73 1 1985 1985 1 16 84.516129032258 0
74 2 1985 1985 2 14.5 79.4642857142857 0
75 3 1985 1985 3 16 84.0322580645161 0
76 4 1985 1985 4 15.5 72.7 0
77 5 1985 1985 5 16 65.516129032258 0
78 6 1985 1985 6 15.5 74.5 0
79 7 1985 1985 7 16 79.8709677419355 0
80 8 1985 1985 8 16 84.6129032258064 0
81 9 1985 1985 9 15.5 85.7 0
82 10 1985 1985 10 16 86.516129032258 0
83 11 1985 1985 11 15.5 90.5 0
84 12 1985 1985 12 16 92.0967741935484 0
85 1 1986 1986 1 16 90.3225806451613 0
86 2 1986 1986 2 14.5 80.6428571428571 0
87 3 1986 1986 3 16 81.0967741935484 0
88 4 1986 1986 4 15.5 71 0
89 5 1986 1986 5 16 68.8709677419355 0
90 6 1986 1986 6 15.5 67.6666666666667 0
91 7 1986 1986 7 16 76.6451612903226 0
92 8 1986 1986 8 16 83.1612903225806 0
93 9 1986 1986 9 15.5 83.4333333333333 0
94 10 1986 1986 10 16 84.1612903225806 0
95 11 1986 1986 11 15.5 90.9666666666667 0
96 12 1986 1986 12 16 86.8709677419355 0
97 1 1987 1987 1 16 85.9677419354839 0
98 2 1987 1987 2 14.5 88.9642857142857 0
99 3 1987 1987 3 16 80.0322580645161 0
100 4 1987 1987 4 15.5 72.3333333333333 0
101 5 1987 1987 5 16 70.9677419354839 0
102 6 1987 1987 6 15.5 75.7666666666667 0
103 7 1987 1987 7 16 74.258064516129 0
104 8 1987 1987 8 16 85.483870967742 0
105 9 1987 1987 9 15.5 87.7666666666667 0
106 10 1987 1987 10 16 83.2903225806452 0
107 11 1987 1987 11 15.5 90.2 0
108 12 1987 1987 12 16 90.0645161290323 0
109 1 1988 1988 1 16 85.0967741935484 0
110 2 1988 1988 2 15 87.551724137931 0
111 3 1988 1988 3 16 87.9677419354839 0
112 4 1988 1988 4 15.5 75.3333333333333 0
113 5 1988 1988 5 16 65.3225806451613 0
114 6 1988 1988 6 15.5 69.9333333333333 0
115 7 1988 1988 7 16 78.5483870967742 0
116 8 1988 1988 8 16 88.3225806451613 0
117 9 1988 1988 9 15.5 84.8 0
118 10 1988 1988 10 16 83.1290322580645 0
119 11 1988 1988 11 15.5 86.6 0
120 12 1988 1988 12 16 88.8064516129032 0
121 1 1989 1989 1 16 86.6774193548387 0
122 2 1989 1989 2 14.5 88.0714285714286 0
123 3 1989 1989 3 16 84.1612903225806 0
124 4 1989 1989 4 15.5 74.3333333333333 0
125 5 1989 1989 5 16 59.483870967742 0
126 6 1989 1989 6 15.5 72.6 0
127 7 1989 1989 7 16 70.8387096774194 0
128 8 1989 1989 8 16 83.5806451612903 0
129 9 1989 1989 9 15.5 86.9333333333333 0
130 10 1989 1989 10 16 87.8064516129032 0
131 11 1989 1989 11 15.5 91.4333333333333 0
132 12 1989 1989 12 16 87.5483870967742 0
133 1 1990 1990 1 16 88.3870967741936 0
134 2 1990 1990 2 14.5 90.25 0
135 3 1990 1990 3 16 78.1612903225806 0
136 4 1990 1990 4 15.5 66.2333333333333 0
137 5 1990 1990 5 16 63.0645161290323 0
138 6 1990 1990 6 15.5 68 0
139 7 1990 1990 7 16 79.7741935483871 0
140 8 1990 1990 8 16 79.741935483871 0
141 9 1990 1990 9 15.5 86 0
142 10 1990 1990 10 16 85.9032258064516 0
143 11 1990 1990 11 15.5 91.8333333333333 0
144 12 1990 1990 12 16 90.6129032258064 0
145 1 1991 1991 1 16 87.3548387096774 0
146 2 1991 1991 2 14.5 86.4285714285714 0
147 3 1991 1991 3 16 81.9354838709677 0
148 4 1991 1991 4 15.5 76.2666666666667 0
149 5 1991 1991 5 16 69.8709677419355 0
150 6 1991 1991 6 15.5 78.1 0
151 7 1991 1991 7 16 75.0645161290323 0
152 8 1991 1991 8 16 81.8387096774194 0
153 9 1991 1991 9 15.5 85.0666666666667 0
154 10 1991 1991 10 16 90.516129032258 0
155 11 1991 1991 11 15.5 94.0666666666667 0
156 12 1991 1991 12 16 88.7741935483871 0
157 1 1992 1992 1 16 87.2258064516129 0
158 2 1992 1992 2 15 90.8620689655172 0
159 3 1992 1992 3 16 84.3870967741936 0
160 4 1992 1992 4 15.5 80.3 0
161 5 1992 1992 5 16 65.6129032258064 0
162 6 1992 1992 6 15.5 61.5666666666667 0
163 7 1992 1992 7 16 69.741935483871 0
164 8 1992 1992 8 16 80.2258064516129 0
165 9 1992 1992 9 15.5 89.7 0
166 10 1992 1992 10 16 87.9032258064516 0
167 11 1992 1992 11 15.5 91.7333333333333 0
168 12 1992 1992 12 16 91.8709677419355 0
169 1 1993 1993 1 16 89.2903225806452 0
170 2 1993 1993 2 14.5 85.3214285714286 0
171 3 1993 1993 3 16 84.7096774193548 0
172 4 1993 1993 4 15.5 72.1666666666667 0
173 5 1993 1993 5 16 65.0967741935484 0
174 6 1993 1993 6 15.5 75.9333333333333 0
175 7 1993 1993 7 16 79.4193548387097 0
176 8 1993 1993 8 16 85.1935483870968 0
177 9 1993 1993 9 15.5 83.4 0
178 10 1993 1993 10 16 85.1935483870968 0
179 11 1993 1993 11 15.5 80.3333333333333 0
180 12 1993 1993 12 16 92.483870967742 0
181 1 1994 1994 1 16 91.8387096774194 0
182 2 1994 1994 2 14.5 83.3571428571429 0
183 3 1994 1994 3 16 83.8709677419355 0
184 4 1994 1994 4 15.5 74.8333333333333 0
185 5 1994 1994 5 16 62.0322580645161 0
186 6 1994 1994 6 15.5 73.0333333333333 0
187 7 1994 1994 7 16 67.0645161290323 0
188 8 1994 1994 8 16 81.7096774193548 0
189 9 1994 1994 9 15.5 90.4333333333333 0
190 10 1994 1994 10 16 84.4516129032258 0
191 11 1994 1994 11 15.5 87.2 0
192 12 1994 1994 12 16 92.483870967742 0
193 1 1995 1995 1 16 84.0322580645161 0
194 2 1995 1995 2 14.5 88.7142857142857 0
195 3 1995 1995 3 16 83.9677419354839 0
196 4 1995 1995 4 15.5 73.0333333333333 0
197 5 1995 1995 5 16 74.3225806451613 0
198 6 1995 1995 6 15.5 78.0333333333333 0
199 7 1995 1995 7 16 73.5483870967742 0
200 8 1995 1995 8 16 77.2903225806452 0
201 9 1995 1995 9 15.5 84 0
202 10 1995 1995 10 16 89.0967741935484 0
203 11 1995 1995 11 15.5 87.3666666666667 0
204 12 1995 1995 12 16 86.7096774193548 0
205 1 1996 1996 1 16 88.516129032258 0
206 2 1996 1996 2 15 81.7586206896552 0
207 3 1996 1996 3 16 72.483870967742 0
208 4 1996 1996 4 15.5 67.2666666666667 0
209 5 1996 1996 5 16 72.741935483871 0
210 6 1996 1996 6 15.5 74.2 0
211 7 1996 1996 7 16 79.6451612903226 0
212 8 1996 1996 8 16 74.741935483871 0
213 9 1996 1996 9 15.5 79.6 0
214 10 1996 1996 10 16 91.0322580645161 0
215 11 1996 1996 11 15.5 92.6666666666667 0
216 12 1996 1996 12 16 90.6451612903226 0
217 1 1997 1997 1 16 87.741935483871 0
218 2 1997 1997 2 14.5 83.6785714285714 0
219 3 1997 1997 3 16 73.4193548387097 0
220 4 1997 1997 4 15.5 69.5333333333333 0
221 5 1997 1997 5 16 67.0967741935484 0
222 6 1997 1997 6 15.5 70.1 0
223 7 1997 1997 7 16 74.258064516129 0
224 8 1997 1997 8 16 69.8709677419355 0
225 9 1997 1997 9 15.5 81.5666666666667 0
226 10 1997 1997 10 16 91.6451612903226 0
227 11 1997 1997 11 15.5 91.7666666666667 0
228 12 1997 1997 12 16 91.2903225806452 0
229 1 1998 1998 1 16 93.1290322580645 0
230 2 1998 1998 2 14.5 86 0
231 3 1998 1998 3 16 74.0645161290323 0
232 4 1998 1998 4 15.5 69.0333333333333 0
233 5 1998 1998 5 16 68.0322580645161 0
234 6 1998 1998 6 15.5 80.1 0
235 7 1998 1998 7 16 82.1290322580645 0
236 8 1998 1998 8 16 88.483870967742 0
237 9 1998 1998 9 15.5 82.5333333333333 0
238 10 1998 1998 10 16 86.3225806451613 0
239 11 1998 1998 11 15.5 84.3666666666667 0
240 12 1998 1998 12 16 91.2258064516129 0
241 1 1999 1999 1 16 91.1612903225806 0
242 2 1999 1999 2 14.5 87.6785714285714 0
243 3 1999 1999 3 16 77.741935483871 0
244 4 1999 1999 4 15.5 74.0666666666667 0
245 5 1999 1999 5 16 62.741935483871 0
246 6 1999 1999 6 15.5 70.9 0
247 7 1999 1999 7 16 70.9354838709677 0
248 8 1999 1999 8 16 75.9032258064516 0
249 9 1999 1999 9 15.5 81.5 0
250 10 1999 1999 10 16 88.8709677419355 0
251 11 1999 1999 11 15.5 88.4333333333333 0
252 12 1999 1999 12 16 91.1290322580645 0
253 1 2000 2000 1 16 91.3870967741936 0
254 2 2000 2000 2 15 87.7931034482759 0
255 3 2000 2000 3 16 79.8064516129032 0
256 4 2000 2000 4 15.5 73.7666666666667 0
257 5 2000 2000 5 16 63.6129032258064 0
258 6 2000 2000 6 15.5 71.2333333333333 0
259 7 2000 2000 7 16 81.2903225806452 0
260 8 2000 2000 8 16 85.0645161290323 0
261 9 2000 2000 9 15.5 80.7 0
262 10 2000 2000 10 16 87.1935483870968 0
263 11 2000 2000 11 15.5 91.6333333333333 0
264 12 2000 2000 12 16 91.9677419354839 0
265 1 2001 2001 1 16 90.0322580645161 0
266 2 2001 2001 2 14.5 84.4285714285714 0
267 3 2001 2001 3 16 78.1290322580645 0
268 4 2001 2001 4 15.5 79.1333333333333 0
269 5 2001 2001 5 16 65.3225806451613 0
270 6 2001 2001 6 15.5 74.7666666666667 0
271 7 2001 2001 7 16 73.7096774193548 0
272 8 2001 2001 8 16 80.258064516129 0
273 9 2001 2001 9 15.5 84.6333333333333 0
274 10 2001 2001 10 16 89.6774193548387 0
275 11 2001 2001 11 15.5 87.6 0
276 12 2001 2001 12 16 86.3548387096774 0
277 1 2002 2002 1 16 90.5806451612903 0
278 2 2002 2002 2 14.5 85.8214285714286 0
279 3 2002 2002 3 16 76.3870967741936 0
280 4 2002 2002 4 15.5 63.2666666666667 0
281 5 2002 2002 5 16 60.258064516129 0
282 6 2002 2002 6 15.5 73.5 0
283 7 2002 2002 7 16 76.3548387096774 0
284 8 2002 2002 8 16 74.6451612903226 0
285 9 2002 2002 9 15.5 80.8666666666667 0
286 10 2002 2002 10 16 84.6774193548387 0
287 11 2002 2002 11 15.5 87.8333333333333 0
288 12 2002 2002 12 16 81.4516129032258 0
289 1 2003 2003 1 16 84.0322580645161 0
290 2 2003 2003 2 14.5 83.5357142857143 0
291 3 2003 2003 3 16 70.5483870967742 0
292 4 2003 2003 4 15.5 69.4666666666667 0
293 5 2003 2003 5 16 74.0322580645161 0
294 6 2003 2003 6 15.5 73.8666666666667 0
295 7 2003 2003 7 16 79.2258064516129 0
296 8 2003 2003 8 16 83.8709677419355 0
297 9 2003 2003 9 15.5 83.1333333333333 0
298 10 2003 2003 10 16 88.6774193548387 0
299 11 2003 2003 11 15.5 93.6 0
300 12 2003 2003 12 16 90.2903225806452 0
301 1 2004 2004 1 16 91.6451612903226 0
302 2 2004 2004 2 15 87.896551724138 0
303 3 2004 2004 3 16 85.5806451612903 0
304 4 2004 2004 4 15.5 59.6333333333333 0
305 5 2004 2004 5 16 64.9354838709677 0
306 6 2004 2004 6 15.5 73.1 0
307 7 2004 2004 7 16 80.0322580645161 0
308 8 2004 2004 8 16 80.3870967741936 0
309 9 2004 2004 9 15.5 85.5333333333333 0
310 10 2004 2004 10 16 87.3225806451613 0
311 11 2004 2004 11 15.5 92.2 0
312 12 2004 2004 12 16 94.3225806451613 0
313 1 2005 2005 1 16 90.7096774193548 0
314 2 2005 2005 2 14.5 87.1785714285714 0
315 3 2005 2005 3 16 75.2903225806452 0
316 4 2005 2005 4 15.5 71.5 0
317 5 2005 2005 5 16 70.6451612903226 0
318 6 2005 2005 6 15.5 72.1666666666667 0
319 7 2005 2005 7 16 73.3870967741936 0
320 8 2005 2005 8 16 82.741935483871 0
321 9 2005 2005 9 15.5 82.6 0
322 10 2005 2005 10 16 79.3225806451613 0.064516129032258
323 11 2005 2005 11 15.5 88.9666666666667 0
324 12 2005 2005 12 16 90.8709677419355 0
325 1 2006 2006 1 16 87.516129032258 0
326 2 2006 2006 2 14.5 87.1785714285714 0
327 3 2006 2006 3 16 80.9032258064516 0
328 4 2006 2006 4 15.5 70.0666666666667 0
329 5 2006 2006 5 16 60.7096774193548 0
330 6 2006 2006 6 15.5 65.3333333333333 0
331 7 2006 2006 7 16 61.9032258064516 0
332 8 2006 2006 8 16 75.2258064516129 0
333 9 2006 2006 9 15.5 87.4333333333333 0
334 10 2006 2006 10 16 93.8387096774194 0
335 11 2006 2006 11 15.5 95.7666666666667 0
336 12 2006 2006 12 16 92 0
337 1 2007 2007 1 16 93.2903225806452 0
338 2 2007 2007 2 14.5 85.9285714285714 0
339 3 2007 2007 3 16 84.741935483871 0
340 4 2007 2007 4 15.5 66.7333333333333 0
341 5 2007 2007 5 16 73.1612903225806 0
342 6 2007 2007 6 15.5 65.8666666666667 0
343 7 2007 2007 7 16 77.4516129032258 0
344 8 2007 2007 8 16 75 0
345 9 2007 2007 9 15.5 84.6 0
346 10 2007 2007 10 16 89.8709677419355 0
347 11 2007 2007 11 15.5 92.0333333333333 0
348 12 2007 2007 12 16 94.4516129032258 0
349 1 2008 2008 1 16 87.9032258064516 0
350 2 2008 2008 2 15 88.7586206896552 0
351 3 2008 2008 3 16 85.1290322580645 0
352 4 2008 2008 4 15.5 69.3666666666667 0
353 5 2008 2008 5 16 60.7096774193548 0
354 6 2008 2008 6 15.5 70.0666666666667 0
355 7 2008 2008 7 16 77.7096774193548 0
356 8 2008 2008 8 16 85.8709677419355 0
357 9 2008 2008 9 15.5 84.9666666666667 0
358 10 2008 2008 10 16 90.1935483870968 0
359 11 2008 2008 11 15.5 92.1333333333333 0
360 12 2008 2008 12 16 94.258064516129 0
361 1 2009 2009 1 16 91.9677419354839 0
362 2 2009 2009 2 14.5 90.4285714285714 0
363 3 2009 2009 3 16 83.483870967742 0
364 4 2009 2009 4 15.5 65.0666666666667 0
365 5 2009 2009 5 16 65.5483870967742 0
366 6 2009 2009 6 15.5 74.6666666666667 0
367 7 2009 2009 7 16 77.3548387096774 0
368 8 2009 2009 8 16 82.9354838709677 0
369 9 2009 2009 9 15.5 86.4 0
370 10 2009 2009 10 16 92.5483870967742 0
371 11 2009 2009 11 15.5 95.3666666666667 0
372 12 2009 2009 12 16 92.9354838709677 0
373 1 2010 2010 1 16 90.3225806451613 0
374 2 2010 2010 2 14.5 91.3214285714286 0
375 3 2010 2010 3 16 88.3870967741936 0
376 4 2010 2010 4 15.5 73.8666666666667 0
377 5 2010 2010 5 16 75.1935483870968 0
378 6 2010 2010 6 15.5 72 0
379 7 2010 2010 7 16 73.1935483870968 0
380 8 2010 2010 8 16 80.1612903225806 0
381 9 2010 2010 9 15.5 87.3333333333333 0
382 10 2010 2010 10 16 86.741935483871 0
383 11 2010 2010 11 15.5 93.2 0
384 12 2010 2010 12 16 91.6451612903226 0
385 1 2011 2011 1 16 92.2903225806452 0
386 2 2011 2011 2 14.5 82.9285714285714 0
387 3 2011 2011 3 16 75.6451612903226 0
388 4 2011 2011 4 15.5 67.8666666666667 0
389 5 2011 2011 5 16 68.4193548387097 0
390 6 2011 2011 6 15.5 70.1666666666667 0
391 7 2011 2011 7 16 75.6129032258064 0
392 8 2011 2011 8 16 82.1935483870968 0
393 9 2011 2011 9 15.5 87.7666666666667 0
394 10 2011 2011 10 16 88.1935483870968 0
395 11 2011 2011 11 15.5 91.7333333333333 0
396 12 2011 2011 12 16 89.741935483871 0.032258064516129
397 1 2012 2012 1 16 90.9032258064516 0
398 2 2012 2012 2 15 84.448275862069 0
399 3 2012 2012 3 16 81.1290322580645 0
400 4 2012 2012 4 15.5 76.8 0
401 5 2012 2012 5 16 66.3548387096774 0
402 6 2012 2012 6 15.5 73.1333333333333 0
403 7 2012 2012 7 16 77.9032258064516 0
404 8 2012 2012 8 16 83.2903225806452 0
405 9 2012 2012 9 15.5 87.8 0
406 10 2012 2012 10 16 94.0645161290323 0
407 11 2012 2012 11 15.5 93.1333333333333 0
408 12 2012 2012 12 16 90.6129032258064 0
409 1 2013 2013 1 16 91.0967741935484 0
410 2 2013 2013 2 14.5 92.1428571428571 0
411 3 2013 2013 3 16 71.516129032258 0
412 4 2013 2013 4 15.5 73.6333333333333 0
413 5 2013 2013 5 16 71.3225806451613 0
414 6 2013 2013 6 15.5 72.5 0
415 7 2013 2013 7 16 72.7096774193548 0
416 8 2013 2013 8 16 78.1612903225806 0
417 9 2013 2013 9 15.5 82.7666666666667 0
418 10 2013 2013 10 16 87.0967741935484 0
419 11 2013 2013 11 15.5 91.4 0
420 12 2013 2013 12 16 89.2903225806452 0
421 1 2014 2014 1 16 86.5806451612903 0
422 2 2014 2014 2 14.5 88.7857142857143 0
423 3 2014 2014 3 16 75.0967741935484 0
424 4 2014 2014 4 15.5 58.9666666666667 0
425 5 2014 2014 5 16 74.3548387096774 0
426 6 2014 2014 6 15.5 77.8333333333333 0
427 7 2014 2014 7 16 71.5483870967742 0
428 8 2014 2014 8 16 80.9677419354839 0
429 9 2014 2014 9 15.5 82.9666666666667 0
430 10 2014 2014 10 16 82.6129032258064 0
431 11 2014 2014 11 15.5 93.5333333333333 0
432 12 2014 2014 12 16 93.2258064516129 0
433 1 2015 2015 1 16 91.0322580645161 0
434 2 2015 2015 2 14.5 87.3571428571429 0
435 3 2015 2015 3 16 75.5806451612903 0
436 4 2015 2015 4 15.5 74.7666666666667 0
437 5 2015 2015 5 16 71.2903225806452 0
438 6 2015 2015 6 15.5 68.1666666666667 0.0333333333333333
439 7 2015 2015 7 16 47.8387096774194 0.387096774193548
440 8 2015 2015 8 16 75.6451612903226 0
441 9 2015 2015 9 15.5 87.0333333333333 0
442 10 2015 2015 10 16 85.7096774193548 0
443 11 2015 2015 11 15.5 93.4 0
444 12 2015 2015 12 16 90.1612903225806 0
445 1 2016 2016 1 16 89.0645161290323 0
446 2 2016 2016 2 15 91.8275862068966 0
447 3 2016 2016 3 16 79.9354838709677 0
448 4 2016 2016 4 15.5 74.2666666666667 0
449 5 2016 2016 5 16 61.5483870967742 0
450 6 2016 2016 6 15.5 72.7333333333333 0
451 7 2016 2016 7 16 80.9354838709677 0
452 8 2016 2016 8 16 84.9677419354839 0
453 9 2016 2016 9 15.5 83.7333333333333 0
454 10 2016 2016 10 16 83.3548387096774 0
455 11 2016 2016 11 15.5 91.2333333333333 0
456 12 2016 2016 12 16 91.5806451612903 0
457 1 2017 2017 1 16 91.3870967741936 0
458 2 2017 2017 2 14.5 88.0357142857143 0
459 3 2017 2017 3 16 82.3225806451613 0
460 4 2017 2017 4 15.5 76.2333333333333 0
461 5 2017 2017 5 16 61.9354838709677 0
462 6 2017 2017 6 15.5 72.4 0
463 7 2017 2017 7 16 78.1935483870968 0
464 8 2017 2017 8 16 81.8709677419355 0
465 9 2017 2017 9 15.5 88.5 0
466 10 2017 2017 10 16 92.1612903225806 0
467 11 2017 2017 11 15.5 94.7666666666667 0
468 12 2017 2017 12 16 94.516129032258 0
469 1 2018 2018 1 16 91.0967741935484 0
470 2 2018 2018 2 14.5 86.8928571428571 0
471 3 2018 2018 3 16 76.1290322580645 0
472 4 2018 2018 4 15.5 74.4666666666667 0
473 5 2018 2018 5 16 57.9354838709677 0
474 6 2018 2018 6 15.5 66.2 0
475 7 2018 2018 7 16 73.0967741935484 0
476 8 2018 2018 8 16 77.9354838709677 0
477 9 2018 2018 9 15.5 74.7 0.1
478 10 2018 2018 10 16 91.4193548387097 0
479 11 2018 2018 11 15.5 91.2 0
480 12 2018 2018 12 16 92.2258064516129 0
481 1 2019 2019 1 16 91.2903225806452 0
482 2 2019 2019 2 14.5 87.8518518518518 0.321428571428571
483 3 2019 2019 3 16 80.6451612903226 0
484 4 2019 2019 4 15.5 54.8333333333333 0
485 5 2019 2019 5 16 68.516129032258 0
486 6 2019 2019 6 15.5 69.7666666666667 0
487 7 2019 2019 7 16 75.741935483871 0
488 8 2019 2019 8 16 80.741935483871 0
489 9 2019 2019 9 15.5 82.8333333333333 0
490 10 2019 2019 10 16 91.0967741935484 0
491 11 2019 2019 11 15.5 90.2666666666667 0
492 12 2019 2019 12 16 92.8064516129032 0
493 1 2020 2020 1 16 90.1612903225806 0
494 2 2020 2020 2 15 88.5172413793103 0
495 3 2020 2020 3 16 74.8387096774194 0
496 4 2020 2020 4 15.5 68.2666666666667 0
497 5 2020 2020 5 16 62.6774193548387 0
498 6 2020 2020 6 15.5 71.3 0
499 7 2020 2020 7 16 78.741935483871 0
500 8 2020 2020 8 16 81.741935483871 0
501 9 2020 2020 9 15.5 86.1666666666667 0
502 10 2020 2020 10 16 90.258064516129 0
503 11 2020 2020 11 15.5 92.7 0
504 12 2020 2020 12 16 91.4193548387097 0
